[(69.0, 168), (69.0, 26), (69.0, 71), (69.0, 58), (71.0, 7), (69.0, 15), (71.0, 8), (71.0, 8), (72.0, 3), (69.0, 199), 'problem11']

[(65.0, 48), (65.0, 176), (67.0, 10), (67.0, 41), (67.0, 12), (67.0, 51), (65.0, 23), (65.0, 106), (64.0, 116), (66.0, 164), 'problem12']

[(61.0, 147), (63.0, 23), (63.0, 19), (64.0, 58), (62.0, 16), (62.0, 62), (62.0, 87), (64.0, 18), (61.0, 23), (62.0, 43), 'problem13']

[(57.0, 148), (55.0, 62), (55.0, 137), (59.0, 93), (55.0, 17), (56.0, 82), (58.0, 85), (55.0, 62), (56.0, 170), (55.0, 138), 'problem14']

[(55.0, 187), (55.0, 21), (55.0, 7), (54.0, 130), (55.0, 40), (54.0, 16), (57.0, 3), (54.0, 23), (56.0, 84), (56.0, 16), 'problem21']

[(51.0, 16), (51.0, 21), (51.0, 52), (49.0, 11), (49.0, 175), (50.0, 120), (48.0, 58), (54.0, 7), (51.0, 165), (52.0, 18), 'problem22']

[(43.0, 20), (44.0, 59), (44.0, 83), (45.0, 6), (45.0, 17), (45.0, 29), (46.0, 10), (46.0, 84), (44.0, 79), (45.0, 11), 'problem23']

[(44.0, 18), (44.0, 53), (43.0, 15), (42.0, 143), (44.0, 12), (43.0, 66), (43.0, 181), (43.0, 83), (43.0, 26), (43.0, 37), 'problem24']

[(44.0, 18), (44.0, 12), (45.0, 84), (44.0, 30), (43.0, 25), (44.0, 16), (44.0, 23), (43.0, 92), (43.0, 150), (44.0, 82), 'problem31']

[(41.0, 93), (41.0, 64), (40.0, 88), (39.0, 152), (41.0, 176), (41.0, 69), (43.0, 67), (40.0, 37), (41.0, 42), (41.0, 120), 'problem32']

[(37.0, 66), (36.0, 36), (36.0, 56), (36.0, 66), (37.0, 9), (37.0, 68), (36.0, 44), (36.0, 49), (38.0, 52), (38.0, 87), 'problem33']

[(36.0, 20), (35.0, 21), (35.0, 56), (34.0, 76), (35.0, 40), (35.0, 18), (34.0, 32), (34.0, 115), (35.0, 43), (34.0, 26), 'problem34']

[(33.0, 43), (32.0, 7), (33.0, 11), (32.0, 14), (33.0, 10), (32.0, 8), (32.0, 7), (32.0, 17), (32.0, 112), (31.0, 26), 'problem35']

[(48.0, 24), (47.0, 63), (47.0, 12), (47.0, 22), (47.0, 17), (47.0, 6), (47.0, 55), (47.0, 11), (47.0, 4), (47.0, 15), 'problem41']

[(42.0, 4), (41.0, 11), (41.0, 196), (42.0, 64), (42.0, 27), (41.0, 114), (42.0, 23), (40.0, 51), (41.0, 80), (42.0, 5), 'problem42']

[(38.0, 69), (39.0, 5), (38.0, 11), (38.0, 9), (38.0, 4), (38.0, 7), (38.0, 7), (38.0, 17), (37.0, 26), (37.0, 50), 'problem43']

[(35.0, 31), (34.0, 181), (34.0, 23), (34.0, 97), (35.0, 4), (34.0, 6), (33.0, 12), (35.0, 7), (33.0, 72), (34.0, 5), 'problem44']

[(36.0, 7), (37.0, 55), (36.0, 42), (36.0, 135), (38.0, 23), (37.0, 6), (36.0, 51), (36.0, 89), (37.0, 52), (35.0, 34), 'problem51']

[(32.0, 12), (32.0, 19), (32.0, 11), (32.0, 189), (31.0, 100), (33.0, 25), (31.0, 90), (32.0, 8), (30.0, 75), (31.0, 45), 'problem52']

[(24.0, 11), (24.0, 23), (24.0, 41), (24.0, 51), (25.0, 8), (24.0, 12), (23.0, 34), (24.0, 39), (23.0, 100), (24.0, 119), 'problem53']

[(23.0, 56), (24.0, 3), (24.0, 4), (24.0, 10), (24.0, 5), (24.0, 2), (24.0, 2), (24.0, 5), (24.0, 7), (24.0, 8), 'problem54']

[(21.0, 7), (20.0, 34), (22.0, 4), (22.0, 7), (21.0, 16), (21.0, 5), (21.0, 12), (21.0, 63), (21.0, 13), (21.0, 26), 'problem55']

[(17.0, 75), (18.0, 42), (18.0, 21), (17.0, 28), (18.0, 54), (17.0, 12), (18.0, 9), (18.0, 52), (18.0, 105), (18.0, 16), 'problem56']

[(17.0, 3), (17.0, 4), (17.0, 14), (17.0, 5), (17.0, 1), (17.0, 13), (17.0, 6), (17.0, 3), (17.0, 5), (17.0, 7), 'problem57']

[(32.0, 5), (32.0, 9), (32.0, 7), (32.0, 35), (32.0, 16), (32.0, 60), (32.0, 97), (32.0, 24), (32.0, 7), (32.0, 17), 'problem61']

[(26.0, 9), (27.0, 33), (26.0, 21), (28.0, 8), (26.0, 42), (27.0, 33), (26.0, 15), (26.0, 37), (27.0, 4), (27.0, 5), 'problem62']

[(24.0, 135), (24.0, 11), (23.0, 16), (23.0, 14), (23.0, 17), (23.0, 25), (24.0, 20), (23.0, 45), (22.0, 13), (23.0, 188), 'problem63']

[(19.0, 13), (18.0, 57), (20.0, 4), (19.0, 79), (19.0, 50), (18.0, 47), (19.0, 8), (19.0, 7), (20.0, 3), (20.0, 4), 'problem64']

[(17.0, 26), (17.0, 10), (17.0, 9), (16.0, 23), (17.0, 10), (17.0, 76), (16.0, 12), (16.0, 33), (18.0, 24), (18.0, 2), 'problem65']

[(14.0, 18), (14.0, 8), (14.0, 22), (14.0, 24), (14.0, 39), (15.0, 2), (14.0, 151), (14.0, 16), (14.0, 9), (14.0, 7), 'problem66']

[(18.0, 14), (18.0, 22), (19.0, 3), (18.0, 5), (18.0, 19), (18.0, 62), (18.0, 35), (18.0, 15), (19.0, 2), (18.0, 111), 'problem71']

[(15.0, 9), (15.0, 3), (15.0, 4), (15.0, 8), (15.0, 4), (15.0, 102), (15.0, 5), (15.0, 6), (15.0, 7), (15.0, 6), 'problem72']

[(14, 1), (14, 1), (14, 1), (13.0, 2), (13.0, 82), (13.0, 56), (13.0, 6), (13.0, 131), (13.0, 38), (13.0, 163), 'problem73']

[(11.0, 2), (11.0, 3), (11.0, 2), (11.0, 9), (11.0, 5), (11.0, 3), (11.0, 3), (11.0, 15), (11.0, 2), (11.0, 3), 'problem74']

[(9.0, 10), (9.0, 26), (9.0, 8), (10, 1), (9.0, 144), (9.0, 21), (9.0, 21), (9.0, 6), (9.0, 12), (9.0, 24), 'problem75']

[(15, 1), (15, 1), (15, 1), (15, 1), (15, 1), (15, 1), (15, 1), (15, 1), (15, 1), (15, 1), 'problem81']

[(13, 1), (13, 1), (13, 1), (13, 1), (13, 1), (13, 1), (13, 1), (13, 1), (13, 1), (12.0, 46), 'problem82']

[(9.0, 4), (9.0, 2), (9.0, 3), (10.0, 1), (9.0, 4), (9.0, 3), (10.0, 4), (9.0, 3), (9.0, 16), (9.0, 6), 'problem83']

[(8, 1), (8, 1), (8, 1), (8, 1), (8, 1), (8, 1), (8, 1), (8, 1), (8, 1), (8, 1), 'problem84']

[(8.0, 1), (8.0, 1), (8.0, 1), (8.0, 1), (7.0, 188), (8.0, 1), (7.0, 177), (7.0, 90), (7.0, 45), (7.0, 31), 'problem85']

[(6, 1), (6, 1), (6, 1), (6, 1), (6, 1), (6, 1), (6, 1), (6, 1), (6, 1), (6.0, 3), 'problem86']

[(6.0, 12), (5.0, 18), (6.0, 3), (6.0, 5), (5.0, 95), (5.0, 15), (5.0, 56), (5.0, 46), (5.0, 4), (6.0, 3), 'problem87']

