['problem11.mat', 67, 67.4, 0.5163977794943222, 68, 6]
['problem12.mat', 62.0, 64.1, 1.3703203194062976, 66.0, 1]
['problem13.mat', 57, 59.5, 1.2692955176439846, 61, 1]
['problem14.mat', 54, 55.2, 0.6324555320336759, 56, 1]

['problem21.mat', 54, 54.9, 0.31622776601683783, 55, 1]
['problem22.mat', 47, 48.5, 0.7071067811865476, 49.0, 1]
['problem23.mat', 43, 44.2, 0.6324555320336759, 45, 1]
['problem24.mat', 42, 42.7, 0.4830458915396479, 43, 3]

['problem31.mat', 42.0, 43.1, 0.7378647873726217, 44, 2]
['problem32.mat', 39, 39.9, 0.5676462121975466, 41, 2]
['problem33.mat', 35, 35.6, 0.6992058987801011, 37, 5]
['problem34.mat', 34, 34.2, 0.4216370213557839, 35.0, 8]
['problem35.mat', 31, 31.5, 0.5270462766947299, 32, 5]

['problem41.mat', 47, 47.0, 0.0, 47, 10]
['problem42.mat', 40.0, 40.2, 0.4216370213557839, 41, 8]
['problem43.mat', 37.0, 37.3, 0.4830458915396479, 38.0, 7]
['problem44.mat', 33, 33.9, 0.31622776601683783, 34, 1]

['problem51.mat', 35, 35.1, 0.31622776601683794, 36, 9]
['problem52.mat', 30, 30.6, 0.6992058987801011, 32.0, 5]
['problem53.mat', 23.0, 23.7, 0.674948557710553, 25.0, 4]
['problem54.mat', 23.0, 23.4, 0.5163977794943222, 24, 6]
['problem55.mat', 20, 20.8, 0.42163702135578396, 21.0, 2]
['problem56.mat', 17, 17.4, 0.5163977794943222, 18, 6]
['problem57.mat', 17, 17.0, 0.0, 17, 10]

['problem61.mat', 32.0, 32.0, 0.0, 32.0, 10]
['problem62.mat', 26, 26.3, 0.48304589153964794, 27, 7]
['problem63.mat', 22.0, 22.7, 0.48304589153964794, 23, 3]
['problem64.mat', 18.0, 18.4, 0.5163977794943222, 19, 6]
['problem65.mat', 16, 16.0, 0.0, 16, 10]
['problem66.mat', 14, 14.0, 0.0, 14, 10]

['problem71.mat', 18, 18.0, 0.0, 18, 10]
['problem72.mat', 15.0, 15.0, 0.0, 15.0, 10]
['problem73.mat', 13, 13.0, 0.0, 13, 10]
['problem74.mat', 11, 11.0, 0.0, 11, 10]
['problem75.mat', 9, 9.0, 0.0, 9, 10]

['problem81.mat', 15, 15.0, 0.0, 15, 10]
['problem82.mat', 12, 12.2, 0.42163702135578396, 13, 8]
['problem83.mat', 9, 9.0, 0.0, 9, 10]
['problem84.mat', 8, 8.0, 0.0, 8, 10]
['problem85.mat', 7, 7.3, 0.48304589153964794, 8, 7]
['problem86.mat', 6, 6.0, 0.0, 6, 10]
['problem87.mat', 5, 5.3, 0.48304589153964794, 6, 7]



